File............:   - APR,29.2017

System..........:  
Temperature.....:  unknown
Time............:  18:29:55-18:32:34
Scan mode.......:   10mV/s
Comment.........:  
                   
                   
                   
                   
Electr.area/sqcm:  
                    
Steady state current/voltage diagramm

Lines:   153
Columns: 3

Number    Time/s    Potential/V   Current/A 
1             0.0       1.175      4.412e-01
2             1.1       1.170      5.402e-01
3             2.1       1.160      7.262e-01
4             3.1       1.150      8.657e-01
5             4.1       1.140      9.691e-01
6             5.1       1.130      1.067e+00
7             6.1       1.120      1.049e+00
8             7.1       1.110      1.163e+00
9             8.1       1.100      1.028e+00
10            9.1       1.090      8.519e-01
11           10.1       1.080      8.037e-01
12           11.1       1.070      7.273e-01
13           12.1       1.060      6.144e-01
14           13.1       1.050      5.097e-01
15           14.1       1.040      4.513e-01
16           15.1       1.030      4.107e-01
17           16.1       1.020      4.028e-01
18           17.1       1.010      3.561e-01
19           18.1       1.000      2.966e-01
20           19.1       0.990      2.298e-01
21           20.1       0.980      1.319e-01
22           21.1       0.970      7.003e-02
23           22.1       0.960      5.886e-03
24           23.1       0.950     -2.705e-02
25           24.1       0.940     -4.262e-02
26           25.1       0.930     -5.243e-02
27           26.1       0.920     -7.140e-02
28           27.1       0.910     -8.515e-02
29           28.1       0.900     -1.046e-01
30           29.1       0.890     -1.182e-01
31           30.1       0.880     -1.328e-01
32           31.1       0.870     -1.485e-01
33           32.1       0.860     -1.660e-01
34           33.1       0.850     -1.804e-01
35           34.1       0.840     -1.955e-01
36           35.1       0.830     -2.106e-01
37           36.1       0.820     -2.259e-01
38           37.1       0.810     -2.387e-01
39           38.1       0.800     -2.554e-01
40           39.1       0.790     -2.716e-01
41           40.1       0.780     -2.876e-01
42           41.1       0.770     -3.038e-01
43           42.1       0.760     -3.182e-01
44           43.1       0.750     -3.380e-01
45           44.1       0.740     -3.537e-01
46           45.1       0.730     -3.702e-01
47           46.1       0.720     -3.855e-01
48           47.1       0.710     -4.024e-01
49           48.1       0.700     -4.185e-01
50           49.1       0.690     -4.346e-01
51           50.1       0.680     -4.524e-01
52           51.1       0.670     -4.690e-01
53           52.1       0.660     -4.865e-01
54           53.1       0.650     -5.007e-01
55           54.1       0.640     -5.182e-01
56           55.1       0.630     -5.385e-01
57           56.1       0.620     -5.541e-01
58           57.1       0.610     -5.719e-01
59           58.1       0.600     -5.922e-01
60           59.1       0.590     -6.106e-01
61           60.1       0.580     -6.301e-01
62           61.1       0.570     -6.461e-01
63           62.1       0.560     -6.644e-01
64           63.1       0.550     -6.846e-01
65           64.1       0.540     -7.021e-01
66           65.1       0.530     -7.233e-01
67           66.1       0.520     -7.432e-01
68           67.1       0.510     -7.612e-01
69           68.1       0.500     -7.820e-01
70           69.1       0.490     -7.998e-01
71           70.1       0.480     -8.218e-01
72           71.1       0.470     -8.390e-01
73           72.1       0.460     -8.614e-01
74           73.1       0.450     -8.791e-01
75           74.1       0.440     -9.013e-01
76           75.1       0.430     -9.206e-01
77           76.1       0.420     -9.422e-01
78           77.1       0.410     -9.634e-01
79           78.1       0.400     -9.837e-01
80           79.1       0.390     -1.005e+00
81           80.1       0.380     -1.026e+00
82           81.1       0.370     -1.045e+00
83           82.1       0.360     -1.065e+00
84           83.1       0.350     -1.089e+00
85           84.1       0.340     -1.109e+00
86           85.1       0.330     -1.131e+00
87           86.1       0.320     -1.151e+00
88           87.1       0.310     -1.172e+00
89           88.1       0.300     -1.196e+00
90           89.1       0.290     -1.218e+00
91           90.1       0.280     -1.241e+00
92           91.1       0.270     -1.265e+00
93           92.1       0.260     -1.286e+00
94           93.1       0.250     -1.308e+00
95           94.1       0.240     -1.330e+00
96           95.1       0.230     -1.352e+00
97           96.1       0.220     -1.377e+00
98           97.1       0.210     -1.404e+00
99           98.1       0.200     -1.427e+00
100          99.1       0.190     -1.450e+00
101         100.1       0.180     -1.472e+00
102         101.1       0.170     -1.496e+00
103         102.1       0.160     -1.519e+00
104         103.1       0.150     -1.544e+00
105         104.1       0.140     -1.570e+00
106         105.1       0.130     -1.593e+00
107         106.1       0.120     -1.619e+00
108         107.1       0.110     -1.646e+00
109         108.1       0.100     -1.673e+00
110         109.1       0.090     -1.700e+00
111         110.1       0.080     -1.728e+00
112         111.1       0.070     -1.754e+00
113         112.1       0.060     -1.784e+00
114         113.1       0.050     -1.815e+00
115         114.1       0.040     -1.843e+00
116         115.1       0.030     -1.872e+00
117         116.1       0.020     -1.902e+00
118         117.1       0.010     -1.934e+00
119         118.1       0.000     -1.964e+00
120         119.1      -0.010     -1.995e+00
121         120.1      -0.020     -2.027e+00
122         121.1      -0.030     -2.060e+00
123         122.1      -0.040     -2.092e+00
124         123.1      -0.050     -2.126e+00
125         124.1      -0.060     -2.158e+00
126         125.1      -0.070     -2.193e+00
127         126.1      -0.080     -2.229e+00
128         127.1      -0.090     -2.264e+00
129         128.1      -0.100     -2.298e+00
130         129.1      -0.110     -2.334e+00
131         130.1      -0.120     -2.373e+00
132         131.2      -0.125     -2.393e+00
133         132.4      -0.130     -2.399e+00
134         133.4      -0.140     -2.456e+00
135         134.4      -0.150     -2.493e+00
136         135.4      -0.160     -2.530e+00
137         135.4      -0.160     -2.530e+00
138         136.7      -0.155     -2.487e+00
139         137.7      -0.145     -2.486e+00
140         138.7      -0.135     -2.456e+00
141         139.7      -0.125     -2.426e+00
142         140.7      -0.115     -2.396e+00
143         141.7      -0.105     -2.366e+00
144         142.7      -0.095     -2.336e+00
145         143.7      -0.085     -2.309e+00
146         144.7      -0.075     -2.282e+00
147         145.7      -0.065     -2.256e+00
148         146.7      -0.055     -2.229e+00
149         147.7      -0.045     -2.206e+00
150         148.7      -0.035     -2.182e+00
151         149.7      -0.025     -2.157e+00
152         150.7      -0.015     -2.134e+00
153         152.7      -0.005     -2.111e+00

