File............:   - APR,29.2017

System..........:  
Temperature.....:  unknown
Time............:  18:53:28-18:57:42
Scan mode.......:   10mV/s
Comment.........:  
                   
                   
                   
                   
Electr.area/sqcm:  
                    
Steady state current/voltage diagramm

Lines:   245
Columns: 3

Number    Time/s    Potential/V   Current/A 
1             0.0       2.062      2.544e+00
2             1.1       2.057      2.526e+00
3             1.1       2.057      2.526e+00
4             2.4       2.052      2.525e+00
5             3.4       2.042      2.539e+00
6             4.4       2.032      2.538e+00
7             5.4       2.022      2.538e+00
8             6.4       2.012      2.538e+00
9             7.4       2.002      2.536e+00
10            8.4       1.992      2.536e+00
11            9.4       1.982      2.535e+00
12           10.4       1.972      2.535e+00
13           11.4       1.962      2.534e+00
14           12.4       1.952      2.532e+00
15           13.4       1.942      2.532e+00
16           14.6       1.930      2.532e+00
17           15.5       1.920      2.538e+00
18           16.5       1.911      2.527e+00
19           17.6       1.900      2.528e+00
20           18.4       1.890      2.529e+00
21           19.5       1.881      2.531e+00
22           20.4       1.871      2.527e+00
23           21.4       1.862      2.529e+00
24           22.4       1.852      2.528e+00
25           23.4       1.842      2.526e+00
26           24.4       1.832      2.525e+00
27           25.4       1.822      2.526e+00
28           26.4       1.812      2.526e+00
29           27.4       1.802      2.524e+00
30           28.4       1.792      2.524e+00
31           29.4       1.782      2.523e+00
32           30.4       1.772      2.524e+00
33           31.4       1.762      2.522e+00
34           32.4       1.752      2.521e+00
35           33.4       1.742      2.521e+00
36           34.4       1.732      2.522e+00
37           35.4       1.722      2.521e+00
38           36.4       1.712      2.521e+00
39           37.4       1.702      2.519e+00
40           38.4       1.692      2.520e+00
41           39.4       1.682      2.518e+00
42           40.4       1.672      2.518e+00
43           41.4       1.662      2.517e+00
44           42.4       1.652      2.517e+00
45           43.4       1.642      2.516e+00
46           44.4       1.632      2.518e+00
47           45.4       1.622      2.516e+00
48           46.4       1.612      2.517e+00
49           47.4       1.602      2.516e+00
50           48.4       1.592      2.515e+00
51           49.4       1.582      2.514e+00
52           50.4       1.572      2.513e+00
53           51.4       1.562      2.514e+00
54           52.4       1.552      2.514e+00
55           53.4       1.542      2.514e+00
56           54.4       1.532      2.512e+00
57           55.4       1.522      2.512e+00
58           56.4       1.512      2.512e+00
59           57.4       1.502      2.511e+00
60           58.4       1.492      2.513e+00
61           59.4       1.482      2.513e+00
62           60.4       1.472      2.511e+00
63           61.4       1.462      2.509e+00
64           62.4       1.452      2.510e+00
65           63.4       1.442      2.511e+00
66           64.4       1.432      2.510e+00
67           65.4       1.422      2.509e+00
68           66.4       1.412      2.509e+00
69           67.4       1.402      2.508e+00
70           68.4       1.392      2.508e+00
71           69.4       1.382      2.507e+00
72           70.4       1.372      2.508e+00
73           71.4       1.362      2.507e+00
74           72.4       1.352      2.506e+00
75           73.4       1.342      2.505e+00
76           74.4       1.332      2.506e+00
77           75.4       1.322      2.506e+00
78           76.4       1.312      2.506e+00
79           77.4       1.302      2.506e+00
80           78.4       1.292      2.506e+00
81           79.4       1.282      2.504e+00
82           80.4       1.272      2.505e+00
83           81.4       1.262      2.504e+00
84           82.4       1.252      2.504e+00
85           83.4       1.242      2.497e+00
86           84.4       1.232      2.405e+00
87           85.4       1.222      2.250e+00
88           86.4       1.212      2.161e+00
89           87.4       1.202      1.979e+00
90           88.4       1.192      1.879e+00
91           89.4       1.182      1.927e+00
92           90.4       1.172      1.716e+00
93           91.4       1.162      1.621e+00
94           92.4       1.152      1.328e+00
95           93.4       1.142      1.133e+00
96           94.4       1.132      9.701e-01
97           95.4       1.122      9.069e-01
98           96.4       1.112      7.995e-01
99           97.4       1.102      7.082e-01
100          98.4       1.092      6.745e-01
101          99.4       1.082      6.433e-01
102         100.4       1.072      5.473e-01
103         101.4       1.062      4.466e-01
104         102.4       1.052      4.136e-01
105         103.4       1.042      3.426e-01
106         104.4       1.032      2.955e-01
107         105.4       1.022      1.872e-01
108         106.4       1.012      1.808e-01
109         107.4       1.002      1.694e-01
110         108.4       0.992      1.481e-01
111         109.4       0.982      1.061e-01
112         110.4       0.972      9.207e-02
113         111.4       0.962      5.532e-02
114         112.4       0.952      2.653e-02
115         113.4       0.942      9.194e-03
116         114.4       0.932     -5.837e-03
117         116.3       0.913     -3.110e-02
118         117.3       0.903     -2.770e-02
119         118.3       0.893     -6.018e-02
120         119.3       0.883     -7.329e-02
121         120.3       0.873     -8.577e-02
122         121.3       0.863     -1.002e-01
123         122.3       0.853     -1.174e-01
124         123.3       0.843     -1.347e-01
125         124.3       0.833     -1.544e-01
126         125.3       0.823     -1.673e-01
127         126.3       0.813     -1.810e-01
128         127.3       0.803     -1.970e-01
129         128.3       0.793     -2.139e-01
130         129.3       0.783     -2.278e-01
131         130.3       0.773     -2.437e-01
132         131.3       0.763     -2.591e-01
133         132.3       0.753     -2.754e-01
134         133.3       0.743     -2.933e-01
135         134.3       0.733     -3.135e-01
136         135.3       0.723     -3.289e-01
137         136.3       0.713     -3.532e-01
138         137.3       0.703     -3.746e-01
139         138.3       0.693     -3.914e-01
140         139.3       0.683     -4.105e-01
141         140.3       0.673     -4.255e-01
142         141.3       0.663     -4.367e-01
143         142.3       0.653     -4.600e-01
144         143.3       0.643     -4.809e-01
145         144.3       0.633     -4.978e-01
146         145.3       0.623     -5.173e-01
147         146.3       0.613     -5.339e-01
148         147.3       0.603     -5.509e-01
149         148.3       0.593     -5.700e-01
150         149.3       0.583     -5.905e-01
151         150.3       0.573     -6.080e-01
152         151.3       0.563     -6.267e-01
153         152.3       0.553     -6.415e-01
154         153.3       0.543     -6.596e-01
155         154.3       0.533     -6.797e-01
156         155.3       0.523     -6.982e-01
157         156.3       0.513     -7.224e-01
158         157.3       0.503     -7.394e-01
159         158.3       0.493     -7.612e-01
160         159.3       0.483     -7.804e-01
161         160.3       0.473     -8.023e-01
162         161.3       0.463     -8.226e-01
163         162.3       0.453     -8.451e-01
164         163.3       0.443     -8.670e-01
165         164.3       0.433     -8.869e-01
166         165.3       0.423     -9.081e-01
167         166.3       0.413     -9.291e-01
168         167.3       0.403     -9.485e-01
169         168.3       0.393     -9.720e-01
170         169.3       0.383     -9.926e-01
171         170.3       0.373     -1.015e+00
172         171.3       0.363     -1.036e+00
173         172.3       0.353     -1.057e+00
174         173.3       0.343     -1.080e+00
175         174.3       0.333     -1.102e+00
176         175.3       0.323     -1.124e+00
177         176.3       0.313     -1.147e+00
178         177.3       0.303     -1.169e+00
179         178.3       0.293     -1.194e+00
180         179.3       0.283     -1.216e+00
181         180.3       0.273     -1.240e+00
182         181.3       0.263     -1.262e+00
183         182.3       0.253     -1.284e+00
184         183.3       0.243     -1.308e+00
185         184.3       0.233     -1.336e+00
186         185.3       0.223     -1.357e+00
187         186.3       0.213     -1.382e+00
188         187.3       0.203     -1.407e+00
189         188.3       0.193     -1.433e+00
190         189.3       0.183     -1.459e+00
191         190.3       0.173     -1.485e+00
192         191.3       0.163     -1.508e+00
193         192.3       0.153     -1.532e+00
194         193.3       0.143     -1.560e+00
195         194.3       0.133     -1.584e+00
196         195.3       0.123     -1.609e+00
197         196.3       0.113     -1.634e+00
198         197.3       0.103     -1.662e+00
199         198.3       0.093     -1.688e+00
200         199.3       0.083     -1.717e+00
201         200.3       0.073     -1.745e+00
202         201.3       0.063     -1.774e+00
203         202.3       0.053     -1.803e+00
204         203.3       0.043     -1.832e+00
205         204.3       0.033     -1.860e+00
206         205.3       0.023     -1.889e+00
207         206.3       0.013     -1.920e+00
208         207.3       0.003     -1.947e+00
209         208.3      -0.007     -1.977e+00
210         209.3      -0.017     -2.007e+00
211         210.3      -0.027     -2.041e+00
212         211.3      -0.037     -2.070e+00
213         212.3      -0.047     -2.102e+00
214         213.3      -0.057     -2.135e+00
215         214.3      -0.067     -2.166e+00
216         215.3      -0.077     -2.197e+00
217         216.3      -0.087     -2.229e+00
218         217.3      -0.097     -2.261e+00
219         218.3      -0.107     -2.295e+00
220         219.3      -0.117     -2.324e+00
221         220.3      -0.127     -2.355e+00
222         221.3      -0.137     -2.390e+00
223         222.3      -0.147     -2.423e+00
224         223.3      -0.157     -2.458e+00
225         224.3      -0.167     -2.498e+00
226         225.3      -0.177     -2.515e+00
227         225.3      -0.177     -2.515e+00
228         226.6      -0.172     -2.482e+00
229         227.6      -0.162     -2.490e+00
230         228.6      -0.152     -2.453e+00
231         229.6      -0.142     -2.425e+00
232         230.6      -0.132     -2.393e+00
233         231.6      -0.122     -2.363e+00
234         232.6      -0.112     -2.335e+00
235         233.6      -0.102     -2.305e+00
236         234.6      -0.092     -2.276e+00
237         235.6      -0.082     -2.248e+00
238         236.6      -0.072     -2.223e+00
239         237.6      -0.062     -2.195e+00
240         238.6      -0.052     -2.171e+00
241         239.6      -0.042     -2.150e+00
242         240.6      -0.032     -2.128e+00
243         241.6      -0.022     -2.106e+00
244         242.6      -0.012     -2.081e+00
245         244.3      -0.004     -2.062e+00

