File............:   - APR,29.2017

System..........:  
Temperature.....:  unknown
Time............:  18:22:19-18:27:43
Scan mode.......:   10mV/s
Comment.........:  
                   
                   
                   
                   
Electr.area/sqcm:  
                    
Steady state current/voltage diagramm

Lines:   318
Columns: 3

Number    Time/s    Potential/V   Current/A 
1             0.0       1.149      3.828e-01
2             1.1       1.144      5.131e-01
3             2.1       1.134      5.837e-01
4             3.1       1.124      5.862e-01
5             4.1       1.114      4.467e-01
6             5.1       1.104      3.726e-01
7             6.1       1.094      3.079e-01
8             7.1       1.084      2.773e-01
9             8.1       1.074      2.560e-01
10            9.1       1.064      2.506e-01
11           10.1       1.054      2.831e-01
12           11.1       1.044      2.819e-01
13           12.1       1.034      2.989e-01
14           13.1       1.024      2.347e-01
15           14.1       1.014      1.471e-01
16           15.1       1.004      1.251e-01
17           16.1       0.994      9.182e-02
18           17.1       0.984      6.468e-02
19           18.1       0.974      3.856e-02
20           19.1       0.964      2.658e-02
21           20.1       0.954      1.749e-02
22           21.1       0.944      4.233e-03
23           22.1       0.934     -6.901e-03
24           23.9       0.917     -4.280e-02
25           24.9       0.907     -5.930e-02
26           25.9       0.897     -7.273e-02
27           26.9       0.887     -8.672e-02
28           27.9       0.877     -1.038e-01
29           28.9       0.867     -1.125e-01
30           29.9       0.857     -1.305e-01
31           30.9       0.847     -1.439e-01
32           31.9       0.837     -1.585e-01
33           32.9       0.827     -1.753e-01
34           33.9       0.817     -1.884e-01
35           34.9       0.807     -1.951e-01
36           35.9       0.797     -2.133e-01
37           36.9       0.787     -2.312e-01
38           37.9       0.777     -2.458e-01
39           38.9       0.767     -2.593e-01
40           39.9       0.757     -2.740e-01
41           40.9       0.747     -2.911e-01
42           41.9       0.737     -3.040e-01
43           42.9       0.727     -3.165e-01
44           43.9       0.717     -3.358e-01
45           44.9       0.706     -3.524e-01
46           45.9       0.697     -3.671e-01
47           46.9       0.687     -3.819e-01
48           47.9       0.676     -3.970e-01
49           48.9       0.666     -4.129e-01
50           49.9       0.656     -4.265e-01
51           50.9       0.646     -4.438e-01
52           51.9       0.636     -4.595e-01
53           52.9       0.626     -4.747e-01
54           53.9       0.616     -4.923e-01
55           54.9       0.606     -5.068e-01
56           55.9       0.596     -5.237e-01
57           56.9       0.586     -5.409e-01
58           57.9       0.576     -5.585e-01
59           58.9       0.566     -5.752e-01
60           59.9       0.556     -5.890e-01
61           60.9       0.546     -6.088e-01
62           61.9       0.536     -6.269e-01
63           62.9       0.526     -6.421e-01
64           63.9       0.516     -6.607e-01
65           64.9       0.506     -6.768e-01
66           65.9       0.496     -6.930e-01
67           66.9       0.486     -7.120e-01
68           67.9       0.476     -7.280e-01
69           68.9       0.466     -7.460e-01
70           69.9       0.456     -7.652e-01
71           70.9       0.447     -7.843e-01
72           71.9       0.437     -8.014e-01
73           72.9       0.427     -8.185e-01
74           73.9       0.417     -8.387e-01
75           74.9       0.407     -8.553e-01
76           75.9       0.397     -8.753e-01
77           76.9       0.387     -8.956e-01
78           77.9       0.377     -9.136e-01
79           78.9       0.367     -9.329e-01
80           79.9       0.357     -9.532e-01
81           80.9       0.347     -9.721e-01
82           81.9       0.337     -9.907e-01
83           82.9       0.327     -1.012e+00
84           83.9       0.317     -1.032e+00
85           84.9       0.307     -1.053e+00
86           85.9       0.297     -1.072e+00
87           86.9       0.287     -1.093e+00
88           87.9       0.277     -1.114e+00
89           88.9       0.267     -1.135e+00
90           89.9       0.257     -1.157e+00
91           90.9       0.247     -1.178e+00
92           91.9       0.237     -1.201e+00
93           92.9       0.227     -1.222e+00
94           93.9       0.217     -1.247e+00
95           94.9       0.207     -1.270e+00
96           95.9       0.197     -1.295e+00
97           96.9       0.187     -1.318e+00
98           97.9       0.177     -1.345e+00
99           98.9       0.167     -1.365e+00
100          99.9       0.157     -1.390e+00
101         100.9       0.147     -1.423e+00
102         101.9       0.137     -1.451e+00
103         102.9       0.127     -1.479e+00
104         103.9       0.117     -1.510e+00
105         104.9       0.107     -1.540e+00
106         105.9       0.097     -1.573e+00
107         106.9       0.087     -1.602e+00
108         107.9       0.077     -1.633e+00
109         108.9       0.067     -1.666e+00
110         109.9       0.057     -1.699e+00
111         110.9       0.047     -1.735e+00
112         111.9       0.037     -1.768e+00
113         112.9       0.027     -1.805e+00
114         113.9       0.017     -1.841e+00
115         114.9       0.007     -1.876e+00
116         115.9      -0.003     -1.913e+00
117         116.9      -0.013     -1.951e+00
118         117.9      -0.023     -1.987e+00
119         118.9      -0.033     -2.026e+00
120         119.9      -0.043     -2.064e+00
121         120.9      -0.053     -2.106e+00
122         121.9      -0.063     -2.144e+00
123         122.9      -0.073     -2.188e+00
124         123.9      -0.083     -2.227e+00
125         124.9      -0.093     -2.270e+00
126         125.9      -0.103     -2.310e+00
127         126.9      -0.113     -2.351e+00
128         127.9      -0.123     -2.391e+00
129         128.9      -0.133     -2.438e+00
130         129.9      -0.143     -2.477e+00
131         130.9      -0.149     -2.511e+00
132         132.2      -0.154     -2.517e+00
133         133.2      -0.164     -2.565e+00
134         134.2      -0.174     -2.563e+00
135         135.2      -0.184     -2.562e+00
136         136.2      -0.194     -2.561e+00
137         137.2      -0.204     -2.563e+00
138         138.2      -0.214     -2.560e+00
139         139.2      -0.224     -2.560e+00
140         140.2      -0.234     -2.560e+00
141         141.2      -0.244     -2.560e+00
142         142.2      -0.254     -2.559e+00
143         143.2      -0.264     -2.557e+00
144         144.2      -0.274     -2.556e+00
145         145.2      -0.284     -2.555e+00
146         146.2      -0.294     -2.555e+00
147         147.2      -0.304     -2.555e+00
148         148.2      -0.314     -2.554e+00
149         149.2      -0.324     -2.553e+00
150         150.2      -0.334     -2.554e+00
151         151.2      -0.344     -2.552e+00
152         152.2      -0.354     -2.552e+00
153         153.2      -0.364     -2.552e+00
154         154.2      -0.374     -2.549e+00
155         155.2      -0.384     -2.550e+00
156         156.2      -0.394     -2.549e+00
157         157.2      -0.404     -2.548e+00
158         158.2      -0.414     -2.548e+00
159         159.2      -0.424     -2.546e+00
160         160.2      -0.434     -2.546e+00
161         161.2      -0.444     -2.546e+00
162         162.2      -0.454     -2.546e+00
163         163.2      -0.464     -2.546e+00
164         164.2      -0.474     -2.543e+00
165         165.2      -0.484     -2.542e+00
166         166.2      -0.494     -2.545e+00
167         167.2      -0.504     -2.543e+00
168         168.2      -0.514     -2.543e+00
169         169.2      -0.524     -2.540e+00
170         170.2      -0.534     -2.541e+00
171         171.2      -0.544     -2.540e+00
172         172.2      -0.554     -2.538e+00
173         173.2      -0.564     -2.539e+00
174         174.2      -0.574     -2.538e+00
175         175.2      -0.584     -2.537e+00
176         176.2      -0.594     -2.538e+00
177         177.2      -0.604     -2.537e+00
178         178.2      -0.614     -2.538e+00
179         179.2      -0.624     -2.536e+00
180         180.2      -0.634     -2.535e+00
181         181.2      -0.644     -2.534e+00
182         182.2      -0.654     -2.534e+00
183         183.2      -0.664     -2.535e+00
184         184.2      -0.674     -2.534e+00
185         185.2      -0.684     -2.533e+00
186         186.2      -0.694     -2.532e+00
187         187.2      -0.704     -2.533e+00
188         188.2      -0.714     -2.532e+00
189         189.2      -0.724     -2.530e+00
190         190.2      -0.734     -2.531e+00
191         191.2      -0.744     -2.531e+00
192         192.2      -0.754     -2.531e+00
193         193.2      -0.764     -2.529e+00
194         194.2      -0.774     -2.528e+00
195         195.2      -0.784     -2.529e+00
196         196.2      -0.794     -2.529e+00
197         197.2      -0.804     -2.529e+00
198         198.2      -0.814     -2.527e+00
199         199.2      -0.824     -2.525e+00
200         200.2      -0.834     -2.525e+00
201         201.2      -0.844     -2.526e+00
202         202.2      -0.854     -2.526e+00
203         203.2      -0.864     -2.524e+00
204         204.2      -0.874     -2.525e+00
205         205.2      -0.884     -2.524e+00
206         206.2      -0.894     -2.522e+00
207         207.2      -0.904     -2.523e+00
208         208.2      -0.914     -2.524e+00
209         209.2      -0.924     -2.522e+00
210         210.2      -0.934     -2.523e+00
211         211.2      -0.944     -2.522e+00
212         212.2      -0.954     -2.520e+00
213         213.2      -0.964     -2.522e+00
214         214.2      -0.974     -2.520e+00
215         215.2      -0.984     -2.521e+00
216         216.2      -0.994     -2.519e+00
217         217.3      -1.000     -2.517e+00
218         218.6      -0.995     -2.503e+00
219         219.6      -0.985     -2.520e+00
220         220.6      -0.975     -2.518e+00
221         221.6      -0.965     -2.516e+00
222         222.6      -0.955     -2.516e+00
223         223.6      -0.945     -2.518e+00
224         224.6      -0.935     -2.518e+00
225         225.6      -0.925     -2.516e+00
226         226.6      -0.915     -2.516e+00
227         227.6      -0.905     -2.518e+00
228         228.6      -0.895     -2.516e+00
229         229.6      -0.885     -2.516e+00
230         230.6      -0.875     -2.517e+00
231         231.6      -0.865     -2.515e+00
232         232.6      -0.855     -2.513e+00
233         233.6      -0.845     -2.513e+00
234         234.6      -0.835     -2.513e+00
235         235.6      -0.825     -2.511e+00
236         236.6      -0.815     -2.513e+00
237         237.6      -0.805     -2.512e+00
238         238.6      -0.795     -2.511e+00
239         239.6      -0.785     -2.513e+00
240         240.6      -0.775     -2.511e+00
241         241.6      -0.765     -2.512e+00
242         242.6      -0.755     -2.512e+00
243         243.6      -0.745     -2.511e+00
244         244.6      -0.735     -2.510e+00
245         245.6      -0.725     -2.511e+00
246         246.6      -0.715     -2.509e+00
247         247.6      -0.705     -2.509e+00
248         248.6      -0.695     -2.509e+00
249         249.6      -0.685     -2.510e+00
250         250.6      -0.675     -2.509e+00
251         251.6      -0.665     -2.509e+00
252         252.6      -0.655     -2.509e+00
253         253.6      -0.645     -2.508e+00
254         254.6      -0.635     -2.507e+00
255         255.6      -0.625     -2.508e+00
256         256.6      -0.615     -2.507e+00
257         257.6      -0.605     -2.507e+00
258         258.6      -0.595     -2.509e+00
259         259.6      -0.585     -2.506e+00
260         260.6      -0.575     -2.505e+00
261         261.6      -0.565     -2.506e+00
262         262.6      -0.555     -2.505e+00
263         263.6      -0.545     -2.504e+00
264         264.6      -0.535     -2.506e+00
265         265.6      -0.525     -2.503e+00
266         266.6      -0.515     -2.505e+00
267         267.6      -0.505     -2.504e+00
268         268.6      -0.495     -2.503e+00
269         269.6      -0.485     -2.504e+00
270         270.6      -0.475     -2.503e+00
271         271.6      -0.465     -2.505e+00
272         272.6      -0.455     -2.503e+00
273         273.6      -0.445     -2.504e+00
274         274.6      -0.435     -2.504e+00
275         275.6      -0.425     -2.504e+00
276         276.6      -0.415     -2.506e+00
277         277.6      -0.405     -2.504e+00
278         278.6      -0.395     -2.502e+00
279         279.6      -0.385     -2.502e+00
280         280.6      -0.375     -2.502e+00
281         281.6      -0.365     -2.502e+00
282         282.6      -0.355     -2.501e+00
283         283.6      -0.345     -2.502e+00
284         284.6      -0.335     -2.501e+00
285         285.6      -0.325     -2.501e+00
286         286.6      -0.315     -2.501e+00
287         287.6      -0.305     -2.500e+00
288         288.6      -0.295     -2.499e+00
289         289.6      -0.285     -2.498e+00
290         290.6      -0.275     -2.500e+00
291         291.6      -0.265     -2.500e+00
292         292.6      -0.255     -2.500e+00
293         293.6      -0.245     -2.498e+00
294         294.6      -0.235     -2.497e+00
295         295.6      -0.225     -2.498e+00
296         296.6      -0.215     -2.499e+00
297         297.6      -0.205     -2.498e+00
298         298.6      -0.195     -2.497e+00
299         299.6      -0.185     -2.498e+00
300         300.6      -0.175     -2.497e+00
301         301.6      -0.165     -2.496e+00
302         302.6      -0.155     -2.497e+00
303         303.6      -0.145     -2.498e+00
304         304.6      -0.135     -2.496e+00
305         305.6      -0.125     -2.495e+00
306         306.6      -0.115     -2.496e+00
307         307.6      -0.105     -2.496e+00
308         308.6      -0.095     -2.497e+00
309         309.6      -0.085     -2.497e+00
310         310.6      -0.075     -2.496e+00
311         311.6      -0.065     -2.487e+00
312         312.6      -0.055     -2.462e+00
313         313.6      -0.045     -2.439e+00
314         314.6      -0.035     -2.417e+00
315         315.6      -0.025     -2.395e+00
316         316.6      -0.015     -2.372e+00
317         317.6      -0.005     -2.346e+00
318         318.6      -0.000     -2.334e+00

