File............:   - APR,29.2017

System..........:  
Temperature.....:  unknown
Time............:  15:22:37-15:26:03
Scan mode.......:   10mV/s
Comment.........:  
                   
                   
                   
                   
Electr.area/sqcm:  
                    
Steady state current/voltage diagramm

Lines:   198
Columns: 3

Number    Time/s    Potential/V   Current/A 
1             0.0       1.936      2.606e+00
2             1.1       1.931      2.583e+00
3             1.1       1.931      2.583e+00
4             2.4       1.926      2.564e+00
5             3.4       1.916      2.595e+00
6             4.4       1.906      2.594e+00
7             5.4       1.896      2.594e+00
8             6.4       1.886      2.592e+00
9             7.4       1.876      2.591e+00
10            8.4       1.866      2.591e+00
11            9.4       1.856      2.591e+00
12           10.4       1.846      2.588e+00
13           11.4       1.836      2.587e+00
14           12.4       1.826      2.589e+00
15           13.4       1.816      2.586e+00
16           14.4       1.806      2.586e+00
17           15.4       1.796      2.585e+00
18           16.4       1.786      2.584e+00
19           17.4       1.776      2.583e+00
20           18.4       1.766      2.584e+00
21           19.4       1.756      2.581e+00
22           20.4       1.746      2.580e+00
23           21.4       1.736      2.578e+00
24           22.4       1.726      2.578e+00
25           23.4       1.716      2.577e+00
26           24.4       1.706      2.576e+00
27           25.4       1.696      2.576e+00
28           26.4       1.686      2.578e+00
29           27.4       1.676      2.575e+00
30           28.4       1.666      2.574e+00
31           29.4       1.656      2.574e+00
32           30.4       1.646      2.573e+00
33           31.4       1.636      2.572e+00
34           32.4       1.626      2.573e+00
35           33.4       1.616      2.571e+00
36           34.4       1.606      2.571e+00
37           35.4       1.596      2.569e+00
38           36.4       1.586      2.568e+00
39           37.4       1.576      2.569e+00
40           38.4       1.566      2.568e+00
41           39.4       1.556      2.567e+00
42           40.4       1.546      2.565e+00
43           41.4       1.536      2.566e+00
44           42.4       1.526      2.566e+00
45           43.4       1.516      2.566e+00
46           44.4       1.506      2.566e+00
47           45.4       1.496      2.564e+00
48           46.4       1.486      2.564e+00
49           47.4       1.476      2.562e+00
50           48.4       1.466      2.562e+00
51           49.4       1.456      2.564e+00
52           50.4       1.446      2.561e+00
53           51.4       1.436      2.562e+00
54           52.4       1.426      2.560e+00
55           53.4       1.416      2.560e+00
56           54.4       1.406      2.560e+00
57           55.4       1.396      2.559e+00
58           56.4       1.386      2.559e+00
59           57.4       1.376      2.559e+00
60           58.4       1.366      2.558e+00
61           59.4       1.356      2.557e+00
62           60.4       1.346      2.557e+00
63           61.4       1.336      2.556e+00
64           62.4       1.326      2.556e+00
65           63.4       1.316      2.555e+00
66           64.4       1.306      2.555e+00
67           65.4       1.296      2.556e+00
68           66.4       1.286      2.554e+00
69           67.4       1.276      2.552e+00
70           68.4       1.266      2.555e+00
71           69.4       1.256      2.551e+00
72           70.4       1.246      2.551e+00
73           71.4       1.236      2.551e+00
74           72.4       1.226      2.551e+00
75           73.4       1.216      2.540e+00
76           74.4       1.206      2.447e+00
77           75.4       1.196      2.454e+00
78           76.4       1.186      2.435e+00
79           77.4       1.176      2.388e+00
80           78.4       1.166      2.194e+00
81           79.4       1.156      2.011e+00
82           80.4       1.146      1.875e+00
83           81.4       1.136      1.699e+00
84           82.4       1.126      1.509e+00
85           83.4       1.116      1.358e+00
86           84.4       1.106      1.201e+00
87           85.4       1.096      1.071e+00
88           86.4       1.086      1.015e+00
89           87.4       1.076      8.435e-01
90           88.4       1.066      7.484e-01
91           89.4       1.056      6.715e-01
92           90.4       1.046      6.138e-01
93           91.4       1.036      5.206e-01
94           92.4       1.026      4.491e-01
95           93.4       1.016      3.922e-01
96           94.4       1.006      3.561e-01
97           95.4       0.996      3.007e-01
98           96.4       0.986      2.620e-01
99           97.4       0.976      2.166e-01
100          98.4       0.966      1.959e-01
101          99.4       0.956      1.778e-01
102         100.4       0.946      1.515e-01
103         101.4       0.936      1.296e-01
104         102.4       0.926      9.848e-02
105         103.4       0.916      8.215e-02
106         104.4       0.906      5.829e-02
107         105.4       0.896      2.269e-02
108         106.4       0.886     -8.631e-04
109         107.9       0.872     -6.243e-02
110         108.9       0.862     -1.223e-01
111         109.9       0.852     -1.859e-01
112         110.9       0.842     -2.148e-01
113         111.9       0.832     -2.438e-01
114         112.9       0.822     -2.712e-01
115         113.9       0.812     -2.951e-01
116         114.9       0.802     -3.230e-01
117         115.9       0.792     -3.484e-01
118         116.9       0.782     -3.722e-01
119         117.9       0.772     -3.930e-01
120         118.9       0.762     -4.237e-01
121         119.9       0.752     -4.511e-01
122         120.9       0.742     -4.804e-01
123         121.9       0.732     -5.059e-01
124         122.9       0.722     -5.288e-01
125         123.9       0.712     -5.532e-01
126         124.9       0.702     -5.792e-01
127         125.9       0.692     -6.054e-01
128         126.9       0.682     -6.297e-01
129         127.9       0.672     -6.545e-01
130         128.9       0.662     -6.789e-01
131         129.9       0.652     -7.058e-01
132         130.9       0.642     -7.319e-01
133         131.9       0.632     -7.597e-01
134         132.9       0.622     -7.881e-01
135         133.9       0.612     -8.142e-01
136         134.9       0.602     -8.440e-01
137         135.9       0.592     -8.713e-01
138         136.9       0.582     -9.016e-01
139         137.9       0.572     -9.298e-01
140         138.9       0.562     -9.588e-01
141         139.9       0.552     -9.887e-01
142         140.9       0.542     -1.017e+00
143         141.9       0.532     -1.045e+00
144         142.9       0.522     -1.074e+00
145         143.9       0.512     -1.106e+00
146         144.9       0.502     -1.136e+00
147         145.9       0.492     -1.164e+00
148         146.9       0.482     -1.196e+00
149         147.9       0.472     -1.225e+00
150         148.9       0.462     -1.257e+00
151         149.9       0.452     -1.285e+00
152         150.9       0.442     -1.315e+00
153         151.9       0.432     -1.346e+00
154         152.9       0.422     -1.375e+00
155         153.9       0.412     -1.407e+00
156         154.9       0.402     -1.435e+00
157         155.9       0.392     -1.466e+00
158         156.9       0.382     -1.495e+00
159         157.9       0.372     -1.525e+00
160         158.9       0.362     -1.558e+00
161         159.9       0.352     -1.590e+00
162         160.9       0.342     -1.621e+00
163         161.9       0.332     -1.651e+00
164         162.9       0.322     -1.684e+00
165         163.9       0.312     -1.718e+00
166         164.9       0.302     -1.748e+00
167         165.9       0.292     -1.781e+00
168         166.9       0.282     -1.815e+00
169         167.9       0.272     -1.849e+00
170         168.9       0.262     -1.884e+00
171         169.9       0.252     -1.918e+00
172         170.9       0.242     -1.954e+00
173         171.9       0.232     -1.991e+00
174         172.9       0.222     -2.028e+00
175         173.9       0.212     -2.065e+00
176         174.9       0.202     -2.100e+00
177         175.9       0.192     -2.137e+00
178         176.9       0.182     -2.177e+00
179         177.9       0.172     -2.216e+00
180         178.9       0.162     -2.250e+00
181         179.9       0.152     -2.286e+00
182         180.9       0.142     -2.324e+00
183         181.9       0.132     -2.362e+00
184         182.9       0.122     -2.399e+00
185         183.9       0.112     -2.435e+00
186         184.9       0.102     -2.476e+00
187         185.9       0.092     -2.514e+00
188         185.9       0.092     -2.514e+00
189         187.2       0.087     -2.524e+00
190         188.2       0.077     -2.550e+00
191         189.2       0.067     -2.548e+00
192         190.2       0.057     -2.548e+00
193         191.2       0.047     -2.548e+00
194         192.2       0.037     -2.545e+00
195         193.2       0.027     -2.544e+00
196         194.2       0.017     -2.544e+00
197         195.2       0.007     -2.544e+00
198         196.4       0.001     -2.542e+00

