File............:   - APR,29.2017

System..........:  
Temperature.....:  unknown
Time............:  19:26:33-19:29:46
Scan mode.......:   10mV/s
Comment.........:  
                   
                   
                   
                   
Electr.area/sqcm:  
                    
Steady state current/voltage diagramm

Lines:   183
Columns: 3

Number    Time/s    Potential/V   Current/A 
1             0.0       1.038      4.789e-07
2             1.7       1.027     -2.158e-06
3             3.0       1.014     -6.818e-07
4             4.1       1.004      8.022e-07
5             5.1       0.993      1.886e-07
6             6.9       0.976     -4.106e-07
7             7.9       0.966      1.613e-07
8             9.7       0.947      1.957e-06
9            11.2       0.933     -4.724e-03
10           12.2       0.923     -1.020e-02
11           13.2       0.913     -1.561e-02
12           14.2       0.903     -1.612e-02
13           15.2       0.893     -2.977e-02
14           16.2       0.883     -4.534e-02
15           17.2       0.873     -5.328e-02
16           18.2       0.863     -6.083e-02
17           19.2       0.853     -6.823e-02
18           20.2       0.843     -7.461e-02
19           21.2       0.833     -8.300e-02
20           22.2       0.823     -8.843e-02
21           23.2       0.813     -9.860e-02
22           24.2       0.803     -1.063e-01
23           25.2       0.793     -1.159e-01
24           26.2       0.783     -1.223e-01
25           27.2       0.773     -1.337e-01
26           28.2       0.763     -1.458e-01
27           29.2       0.753     -1.535e-01
28           30.2       0.743     -1.613e-01
29           31.2       0.733     -1.712e-01
30           32.2       0.723     -1.797e-01
31           33.2       0.713     -1.881e-01
32           34.2       0.703     -1.948e-01
33           35.2       0.693     -2.037e-01
34           36.2       0.683     -2.129e-01
35           37.2       0.673     -2.203e-01
36           38.2       0.663     -2.276e-01
37           39.2       0.653     -2.390e-01
38           40.2       0.643     -2.473e-01
39           41.2       0.633     -2.573e-01
40           42.2       0.623     -2.658e-01
41           43.2       0.613     -2.788e-01
42           44.2       0.603     -2.935e-01
43           45.2       0.593     -3.033e-01
44           46.2       0.583     -5.744e-03
45           47.2       0.573     -8.636e-02
46           48.2       0.563     -2.929e-01
47           49.2       0.553     -2.588e-01
48           50.2       0.543     -3.109e-01
49           51.2       0.533     -5.205e-03
50           52.3       0.523     -3.133e-01
51           53.3       0.513     -3.395e-01
52           54.3       0.503     -3.625e-01
53           55.3       0.493     -3.775e-01
54           56.3       0.483     -3.914e-01
55           57.3       0.473     -4.073e-01
56           58.3       0.463     -4.188e-01
57           59.3       0.453     -4.333e-01
58           60.3       0.443     -4.483e-01
59           61.3       0.433     -4.596e-01
60           62.3       0.423     -4.745e-01
61           63.3       0.413     -4.889e-01
62           64.3       0.403     -5.013e-01
63           65.3       0.393     -5.164e-01
64           66.3       0.383     -5.291e-01
65           67.3       0.373     -5.443e-01
66           68.3       0.363     -5.594e-01
67           69.3       0.353     -5.737e-01
68           70.3       0.343     -5.874e-01
69           71.3       0.333     -6.024e-01
70           72.3       0.323     -6.164e-01
71           73.3       0.313     -6.298e-01
72           74.3       0.303     -6.439e-01
73           75.3       0.293     -6.602e-01
74           76.3       0.283     -6.748e-01
75           77.3       0.273     -6.912e-01
76           78.3       0.263     -7.067e-01
77           79.3       0.253     -7.222e-01
78           80.3       0.243     -7.354e-01
79           81.3       0.233     -7.521e-01
80           82.3       0.223     -7.680e-01
81           83.3       0.213     -7.853e-01
82           84.3       0.203     -8.007e-01
83           85.3       0.193     -8.179e-01
84           86.3       0.183     -8.328e-01
85           87.3       0.173     -8.495e-01
86           88.3       0.163     -8.645e-01
87           89.3       0.153     -8.819e-01
88           90.3       0.143     -9.001e-01
89           91.3       0.133     -9.176e-01
90           92.3       0.123     -9.358e-01
91           93.3       0.113     -9.524e-01
92           94.3       0.103     -9.700e-01
93           95.3       0.093     -9.882e-01
94           96.3       0.083     -1.007e+00
95           97.3       0.073     -1.028e+00
96           98.3       0.063     -1.047e+00
97           99.3       0.053     -1.067e+00
98          100.3       0.043     -1.087e+00
99          101.3       0.033     -1.108e+00
100         102.3       0.023     -1.130e+00
101         103.3       0.013     -1.150e+00
102         104.3       0.003     -1.172e+00
103         105.3      -0.007     -1.195e+00
104         106.3      -0.017     -1.221e+00
105         107.3      -0.027     -1.246e+00
106         108.3      -0.037     -1.268e+00
107         109.3      -0.047     -1.292e+00
108         110.3      -0.057     -1.318e+00
109         111.3      -0.067     -1.343e+00
110         112.3      -0.077     -1.372e+00
111         113.3      -0.087     -1.398e+00
112         114.3      -0.097     -1.428e+00
113         115.3      -0.107     -1.454e+00
114         116.3      -0.117     -1.483e+00
115         117.3      -0.127     -1.514e+00
116         118.3      -0.137     -1.545e+00
117         119.3      -0.147     -1.574e+00
118         121.3      -0.162     -1.621e+00
119         122.5      -0.167     -1.619e+00
120         123.5      -0.177     -1.671e+00
121         124.5      -0.187     -1.704e+00
122         125.5      -0.197     -1.737e+00
123         126.5      -0.207     -1.773e+00
124         127.5      -0.217     -1.809e+00
125         128.5      -0.227     -1.844e+00
126         129.5      -0.237     -1.881e+00
127         130.5      -0.247     -1.913e+00
128         131.5      -0.257     -1.947e+00
129         132.5      -0.267     -1.989e+00
130         133.5      -0.277     -2.030e+00
131         134.5      -0.287     -2.066e+00
132         135.5      -0.297     -2.109e+00
133         136.5      -0.307     -2.148e+00
134         137.5      -0.317     -2.190e+00
135         138.5      -0.327     -2.238e+00
136         139.5      -0.337     -2.267e+00
137         140.5      -0.347     -2.307e+00
138         141.5      -0.357     -2.352e+00
139         142.5      -0.367     -2.389e+00
140         143.5      -0.377     -2.440e+00
141         144.5      -0.387     -2.479e+00
142         145.5      -0.397     -2.523e+00
143         145.5      -0.397     -2.523e+00
144         146.8      -0.392     -2.492e+00
145         147.8      -0.382     -2.474e+00
146         148.8      -0.372     -2.438e+00
147         149.8      -0.362     -2.400e+00
148         150.8      -0.352     -2.366e+00
149         151.8      -0.342     -2.327e+00
150         152.8      -0.332     -2.288e+00
151         153.8      -0.322     -2.253e+00
152         154.8      -0.312     -2.216e+00
153         155.8      -0.302     -2.184e+00
154         156.8      -0.292     -2.150e+00
155         157.8      -0.282     -2.110e+00
156         158.8      -0.272     -2.075e+00
157         159.8      -0.262     -2.043e+00
158         160.8      -0.252     -2.009e+00
159         161.8      -0.242     -1.976e+00
160         162.8      -0.232     -1.941e+00
161         163.8      -0.222     -1.907e+00
162         164.8      -0.212     -1.872e+00
163         165.8      -0.202     -1.837e+00
164         166.8      -0.192     -1.806e+00
165         167.8      -0.182     -1.774e+00
166         168.8      -0.172     -1.742e+00
167         169.8      -0.162     -1.711e+00
168         170.8      -0.152     -1.679e+00
169         171.8      -0.142     -1.649e+00
170         172.8      -0.132     -1.619e+00
171         173.8      -0.122     -1.590e+00
172         174.8      -0.112     -1.561e+00
173         175.8      -0.102     -1.534e+00
174         176.8      -0.092     -1.507e+00
175         177.8      -0.082     -1.481e+00
176         178.8      -0.072     -1.455e+00
177         179.8      -0.062     -1.430e+00
178         180.8      -0.052     -1.406e+00
179         181.8      -0.042     -1.384e+00
180         182.8      -0.032     -1.363e+00
181         183.8      -0.022     -1.340e+00
182         184.8      -0.012     -1.321e+00
183         186.5      -0.003     -1.302e+00

